3.06894812E-3	1.59693035E-1
3.06826507E-3	1.59821815E-1
3.06830049E-3	1.59503828E-1
3.06761240E-3	1.59172271E-1
3.06738790E-3	1.59984315E-1
3.06672106E-3	1.59945976E-1
3.06635824E-3	1.59438603E-1
3.06572533E-3	1.59898526E-1
3.06512059E-3	1.59583123E-1
3.06431341E-3	1.59616053E-1
3.06370476E-3	1.57083495E-1
3.06303093E-3	1.54365472E-1
3.06209536E-3	1.55711589E-1
3.06122210E-3	1.62098157E-1
3.06020918E-3	1.60971506E-1
3.05912950E-3	1.61192870E-1
3.05842630E-3	1.63615875E-1
3.05718158E-3	1.60792913E-1
3.05614273E-3	1.60600705E-1
3.05530341E-3	1.61430606E-1
3.05402681E-3	1.61555597E-1
3.05316641E-3	1.60511510E-1
3.05196925E-3	1.60818969E-1
3.05118438E-3	1.61076505E-1
3.05011326E-3	1.61060268E-1
3.04887582E-3	1.61163730E-1
3.04757013E-3	1.60932812E-1
3.04644513E-3	1.60522281E-1
3.04505328E-3	1.60711540E-1
3.04402222E-3	1.60744074E-1
3.04303988E-3	1.61034619E-1
3.04203144E-3	1.60875570E-1
3.04075595E-3	1.60909852E-1
3.03940271E-3	1.61393781E-1
3.03802971E-3	1.61203020E-1
3.03671338E-3	1.61135829E-1
3.03581668E-3	1.60913281E-1
3.03449756E-3	1.60929580E-1
3.03350026E-3	1.61458288E-1
3.03233673E-3	1.61012566E-1
3.03126432E-3	1.61213606E-1
3.02977005E-3	1.60678079E-1
3.02858072E-3	1.61130284E-1
3.02731296E-3	1.61049086E-1
3.02602641E-3	1.60975428E-1
3.02469275E-3	1.61595889E-1
3.02315640E-3	1.61447071E-1
3.02223839E-3	1.61159230E-1
3.02105196E-3	1.61587025E-1
3.01993710E-3	1.61298352E-1
3.01865266E-3	1.61654254E-1
3.01715044E-3	1.61014050E-1
3.01617816E-3	1.61317154E-1
3.01460780E-3	1.61783842E-1
3.01317455E-3	1.61873724E-1
3.01199137E-3	1.61286507E-1
3.01103655E-3	1.61637410E-1
3.00980582E-3	1.61104701E-1
3.00852512E-3	1.61245508E-1
3.00707957E-3	1.61460759E-1
3.00549808E-3	1.61245535E-1
3.00467870E-3	1.61584922E-1
3.00341272E-3	1.61654498E-1
3.00177583E-3	1.61569293E-1
3.00083265E-3	1.61414351E-1
2.99970317E-3	1.61651667E-1
2.99821641E-3	1.61697921E-1
2.99714231E-3	1.61854885E-1
2.99556609E-3	1.62450241E-1
2.99412781E-3	1.62092936E-1
2.99310071E-3	1.61858133E-1
2.99169465E-3	1.62279361E-1
2.99051371E-3	1.62126283E-1
2.98897396E-3	1.61995915E-1
2.98798266E-3	1.62052556E-1
2.98662382E-3	1.61984967E-1
2.98523455E-3	1.62052066E-1
2.98397808E-3	1.62058349E-1
2.98247060E-3	1.61660611E-1
2.98124155E-3	1.62244970E-1
2.97981837E-3	1.62346994E-1
2.97894728E-3	1.62237437E-1
2.97722537E-3	1.62611059E-1
2.97576137E-3	1.62572262E-1
2.97456252E-3	1.62211820E-1
2.97304580E-3	1.62584607E-1
2.97167685E-3	1.62770860E-1
2.97053619E-3	1.62731757E-1
2.96901059E-3	1.62418127E-1
2.96775077E-3	1.62653272E-1
2.96644741E-3	1.62714575E-1
2.96517552E-3	1.62585392E-1
2.96407904E-3	1.63004884E-1
2.96268625E-3	1.63183055E-1
2.96115399E-3	1.62991181E-1
2.95959543E-3	1.62566197E-1
2.95842623E-3	1.62931469E-1
2.95702879E-3	1.62783800E-1
2.95564557E-3	1.62797077E-1
2.95447246E-3	1.63237134E-1
2.95315601E-3	1.62876365E-1
2.95202089E-3	1.62911159E-1
2.94997787E-3	1.63059332E-1
2.94893117E-3	1.63212016E-1
2.94790519E-3	1.63754732E-1
2.94645484E-3	1.63726102E-1
2.94504137E-3	1.63727996E-1
2.94372225E-3	1.63535277E-1
2.94256288E-3	1.63657518E-1
2.94116935E-3	1.63696321E-1
2.93969947E-3	1.63246617E-1
2.93856098E-3	1.63400105E-1
2.93710815E-3	1.64174236E-1
2.93544168E-3	1.63662503E-1
2.93423164E-3	1.63559066E-1
2.93285147E-3	1.64131842E-1
2.93180759E-3	1.63989639E-1
2.93045154E-3	1.63651270E-1
2.92897000E-3	1.64415016E-1
2.92772305E-3	1.63963161E-1
2.92646083E-3	1.63738737E-1
2.92487710E-3	1.64141701E-1
2.92381643E-3	1.64605367E-1
2.92245138E-3	1.64481886E-1
2.92100695E-3	1.64239376E-1
2.92001973E-3	1.64921677E-1
2.91823629E-3	1.64410276E-1
2.91713646E-3	1.64576870E-1
2.91564614E-3	1.64655737E-1
2.91443834E-3	1.64563280E-1
2.91300563E-3	1.65059225E-1
2.91150582E-3	1.64470692E-1
2.91035172E-3	1.65174257E-1
2.90901808E-3	1.64878978E-1
2.90773756E-3	1.64718936E-1
2.90636674E-3	1.65316640E-1
2.90498776E-3	1.65559894E-1
2.90346389E-3	1.65168008E-1
2.90226143E-3	1.65072798E-1
2.90120132E-3	1.65419061E-1
2.89979367E-3	1.65497836E-1
2.89835260E-3	1.65317028E-1
2.89712522E-3	1.65631199E-1
2.89553550E-3	1.65757978E-1
2.89422644E-3	1.65747510E-1
2.89274742E-3	1.65831520E-1
2.89149543E-3	1.65566978E-1
2.89007734E-3	1.65762700E-1
2.88894887E-3	1.65924873E-1
2.88779142E-3	1.65946077E-1
2.88670075E-3	1.66092453E-1
2.88504318E-3	1.66104130E-1
2.88385116E-3	1.66267785E-1
2.88260989E-3	1.66333743E-1
2.88109776E-3	1.66523653E-1
2.87954385E-3	1.66484906E-1
2.87837857E-3	1.66616663E-1
2.87684339E-3	1.66714215E-1
2.87584548E-3	1.66623057E-1
2.87430315E-3	1.66887356E-1
2.87333159E-3	1.67034173E-1
2.87181332E-3	1.67042258E-1
2.87076421E-3	1.66931227E-1
2.86893441E-3	1.67401194E-1
2.86759459E-3	1.67022712E-1
2.86645219E-3	1.66973323E-1
2.86514705E-3	1.67091275E-1
2.86381253E-3	1.67484661E-1
2.86269151E-3	1.67285838E-1
2.86117268E-3	1.67330823E-1
2.85977266E-3	1.67668696E-1
2.85849997E-3	1.67526782E-1
2.85721380E-3	1.67626136E-1
2.85570714E-3	1.67970843E-1
2.85455640E-3	1.67700605E-1
2.85318367E-3	1.68000271E-1
2.85180469E-3	1.67732558E-1
2.85065222E-3	1.67976252E-1
2.84926262E-3	1.67976618E-1
2.84781986E-3	1.67844235E-1
2.84669198E-3	1.67994301E-1
2.84517706E-3	1.68150419E-1
2.84401882E-3	1.68595418E-1
2.84247201E-3	1.68802207E-1
2.84119093E-3	1.68960390E-1
2.84007168E-3	1.68647564E-1
2.83849802E-3	1.68515087E-1
2.83721281E-3	1.68554741E-1
2.83548755E-3	1.69029545E-1
2.83460534E-3	1.68925454E-1
2.83328562E-3	1.69273367E-1
2.83170692E-3	1.69281006E-1
2.83066915E-3	1.69038625E-1
2.82907815E-3	1.69140549E-1
2.82767064E-3	1.69836295E-1
2.82647229E-3	1.69476086E-1
2.82521638E-3	1.69641256E-1
2.82364976E-3	1.69750356E-1
2.82223497E-3	1.69930236E-1
2.82111277E-3	1.69868956E-1
2.81999582E-3	1.70087319E-1
2.81846859E-3	1.69962931E-1
2.81745156E-3	1.69968913E-1
2.81585664E-3	1.69659818E-1
2.81451682E-3	1.70329303E-1
2.81323479E-3	1.69934979E-1
2.81178588E-3	1.70230486E-1
2.81078405E-3	1.70293838E-1
2.80903417E-3	1.70996161E-1
2.80778457E-3	1.70563828E-1
2.80687302E-3	1.70530809E-1
2.80537432E-3	1.70562157E-1
2.80410690E-3	1.70935802E-1
2.80273630E-3	1.70427630E-1
2.80142487E-3	1.70885536E-1
2.80020555E-3	1.71540475E-1
2.79883999E-3	1.71480703E-1
2.79747284E-3	1.71387511E-1
2.79621749E-3	1.71479765E-1
2.79480849E-3	1.71513553E-1
2.79384041E-3	1.71384379E-1
2.79232102E-3	1.71847108E-1
2.79124109E-3	1.71457196E-1
2.78939834E-3	1.71746718E-1
2.78855903E-3	1.71532719E-1
2.78735355E-3	1.71950125E-1
2.78555779E-3	1.71938649E-1
2.78445158E-3	1.72215806E-1
2.78318392E-3	1.71901777E-1
2.78186659E-3	1.72046330E-1
2.78044346E-3	1.72754468E-1
2.77921888E-3	1.72574263E-1
2.77809470E-3	1.72290084E-1
2.77667879E-3	1.72543166E-1
2.77558256E-3	1.72813014E-1
2.77408658E-3	1.72757042E-1
2.77286591E-3	1.72795421E-1
2.77173650E-3	1.73165360E-1
2.77018633E-3	1.72917243E-1
2.76883067E-3	1.73020028E-1
2.76757067E-3	1.73063944E-1
2.76639363E-3	1.72979248E-1
2.76514471E-3	1.73068754E-1
2.76395593E-3	1.73262365E-1
2.76295023E-3	1.73646327E-1
2.76132064E-3	1.73737633E-1
2.76013746E-3	1.73666558E-1
2.75871029E-3	1.73618430E-1
2.75756291E-3	1.73996880E-1
2.75629158E-3	1.74096293E-1
2.75490477E-3	1.74396233E-1
2.75376410E-3	1.74842227E-1
2.75240881E-3	1.74911160E-1
2.75141248E-3	1.74652389E-1
2.74979982E-3	1.74538246E-1
2.74840853E-3	1.74398418E-1
2.74738590E-3	1.74705167E-1
2.74605757E-3	1.74884330E-1
2.74503270E-3	1.74769218E-1
2.74356703E-3	1.75117125E-1
2.74264846E-3	1.75222668E-1
2.74099313E-3	1.75255775E-1
2.74020514E-3	1.75241926E-1
2.73851792E-3	1.75295397E-1
2.73739495E-3	1.75321869E-1
2.73616646E-3	1.75565671E-1
2.73481545E-3	1.75561126E-1
2.73361421E-3	1.75819908E-1
2.73239186E-3	1.75714726E-1
2.73110796E-3	1.75593221E-1
2.73011275E-3	1.76104736E-1
2.72917085E-3	1.75886303E-1
2.72742195E-3	1.75999454E-1
2.72621807E-3	1.76270723E-1
2.72481071E-3	1.76629405E-1
2.72349327E-3	1.76738375E-1
2.72265049E-3	1.76709379E-1
2.72120271E-3	1.76653889E-1
2.71996918E-3	1.77146647E-1
2.71887637E-3	1.77238627E-1
2.71745376E-3	1.77365428E-1
2.71624656E-3	1.77211792E-1
2.71497230E-3	1.77515537E-1
2.71356199E-3	1.77211155E-1
2.71257700E-3	1.77137910E-1
2.71136305E-3	1.77624188E-1
2.71007022E-3	1.78161649E-1
2.70864089E-3	1.77695353E-1
2.70760931E-3	1.77832453E-1
2.70612405E-3	1.78471289E-1
2.70472996E-3	1.77833157E-1
2.70328915E-3	1.78547129E-1
2.70247015E-3	1.78765056E-1
2.70130934E-3	1.78859901E-1
2.70004001E-3	1.78778196E-1
2.69874550E-3	1.79184786E-1
2.69747910E-3	1.79191296E-1
2.69622910E-3	1.79318141E-1
2.69496201E-3	1.79121986E-1
2.69359046E-3	1.79366701E-1
2.69245706E-3	1.79560661E-1
2.69099385E-3	1.79592233E-1
2.69019282E-3	1.79856182E-1
2.68899509E-3	1.79744080E-1
2.68767500E-3	1.79917486E-1
2.68637378E-3	1.79911381E-1
2.68518067E-3	1.79942543E-1
2.68383135E-3	1.80175831E-1
2.68272425E-3	1.79921130E-1
2.68169347E-3	1.80076606E-1
2.68034470E-3	1.80212222E-1
2.67910558E-3	1.80543878E-1
2.67790673E-3	1.80429447E-1
2.67674593E-3	1.80866881E-1
2.67543196E-3	1.80580043E-1
2.67425605E-3	1.80692285E-1
2.67270226E-3	1.80739316E-1
2.67176970E-3	1.81071790E-1
2.67042988E-3	1.81595066E-1
2.66922212E-3	1.81670898E-1
2.66798691E-3	1.82135326E-1
2.66683435E-3	1.81589168E-1
2.66564166E-3	1.81702317E-1
2.66441596E-3	1.81921517E-1
2.66348269E-3	1.81717843E-1
2.66181672E-3	1.82477212E-1
2.66088569E-3	1.82415939E-1
2.65937804E-3	1.82567136E-1
2.65853331E-3	1.82587405E-1
2.65723834E-3	1.82296688E-1
2.65645626E-3	1.82734462E-1
2.65498989E-3	1.82438762E-1
2.65369651E-3	1.82754164E-1
2.65265766E-3	1.83204343E-1
2.65117310E-3	1.83090004E-1
2.65018627E-3	1.82879803E-1
2.64887403E-3	1.83524111E-1
2.64769197E-3	1.83355029E-1
2.64656806E-3	1.83105970E-1
2.64556269E-3	1.83861232E-1
2.64419378E-3	1.84093694E-1
2.64299918E-3	1.84108031E-1
2.64167222E-3	1.83959196E-1
2.64049696E-3	1.83805203E-1
2.63929489E-3	1.84093376E-1
2.63841715E-3	1.84100053E-1
2.63703606E-3	1.84424441E-1
2.63579470E-3	1.84641276E-1
2.63504327E-3	1.84524222E-1
2.63382495E-3	1.85068320E-1
2.63219255E-3	1.85229585E-1
2.63125520E-3	1.84708296E-1
2.63014866E-3	1.85103293E-1
2.62877878E-3	1.85669862E-1
2.62796150E-3	1.86051232E-1
2.62636099E-3	1.85430548E-1
2.62535966E-3	1.85321873E-1
2.62412949E-3	1.85718168E-1
2.62312201E-3	1.86213944E-1
2.62156010E-3	1.86029781E-1
2.62030531E-3	1.86534187E-1
2.61949516E-3	1.86269368E-1
2.61831701E-3	1.86747351E-1
2.61726504E-3	1.86601181E-1
2.61593697E-3	1.86863449E-1
2.61450876E-3	1.86847738E-1
2.61353769E-3	1.86757300E-1
2.61241549E-3	1.86718309E-1
2.61118353E-3	1.86544034E-1
2.61002048E-3	1.87192061E-1
2.60886024E-3	1.87288780E-1
2.60776095E-3	1.87464453E-1
2.60659791E-3	1.87243802E-1
2.60559974E-3	1.87773684E-1
2.60429684E-3	1.87693673E-1
2.60294695E-3	1.88110069E-1
2.60188283E-3	1.88256858E-1
2.60070636E-3	1.87913191E-1
2.59959464E-3	1.89037556E-1
2.59812336E-3	1.88466291E-1
2.59755866E-3	1.89123660E-1
2.59646069E-3	1.88730404E-1
2.59514716E-3	1.89116792E-1
2.59386511E-3	1.89141170E-1
2.59243690E-3	1.89376261E-1
2.59147529E-3	1.89553594E-1
2.59039515E-3	1.89393888E-1
2.58930483E-3	1.89988177E-1
2.58809348E-3	1.89919708E-1
2.58693267E-3	1.89719856E-1
2.58592291E-3	1.90177117E-1
2.58495511E-3	1.90076604E-1
2.58346312E-3	1.90503083E-1
2.58239783E-3	1.90633690E-1
2.58103283E-3	1.90545527E-1
2.58021008E-3	1.91033652E-1
2.57894386E-3	1.90637663E-1
2.57745635E-3	1.91450070E-1
2.57671449E-3	1.91252410E-1
2.57543509E-3	1.91355339E-1
2.57438888E-3	1.91752498E-1
2.57305130E-3	1.91790583E-1
2.57160519E-3	1.92033303E-1
2.57074353E-3	1.91909359E-1
2.56991334E-3	1.91565226E-1
2.56868891E-3	1.92230035E-1
2.56738769E-3	1.92259743E-1
2.56647192E-3	1.92510352E-1
2.56546682E-3	1.92783053E-1
2.56411469E-3	1.92694101E-1
2.56276732E-3	1.92673726E-1
2.56178497E-3	1.93207236E-1
2.56070137E-3	1.93096870E-1
2.55953951E-3	1.93496978E-1
2.55825619E-3	1.93784612E-1
2.55772364E-3	1.93693518E-1
2.55606047E-3	1.93510901E-1
2.55491700E-3	1.93734570E-1
2.55394851E-3	1.94320010E-1
2.55259135E-3	1.94621961E-1
2.55177689E-3	1.94278848E-1
2.55065580E-3	1.94488978E-1
2.54941275E-3	1.94581702E-1
2.54847390E-3	1.94701104E-1
2.54756875E-3	1.94945067E-1
2.54619731E-3	1.95462136E-1
2.54486644E-3	1.95252622E-1
2.54377269E-3	1.95306723E-1
2.54256617E-3	1.95249652E-1
2.54134047E-3	1.95399402E-1
2.54040664E-3	1.95678134E-1
2.53928220E-3	1.96488855E-1
2.53863886E-3	1.96225797E-1
2.53706240E-3	1.96620170E-1
2.53587419E-3	1.96408497E-1
2.53497393E-3	1.97095194E-1
2.53369397E-3	1.96911206E-1
2.53280102E-3	1.96972761E-1
2.53171306E-3	1.96757535E-1
2.53055505E-3	1.97509930E-1
2.52938368E-3	1.97330741E-1
2.52847294E-3	1.97743083E-1
2.52719269E-3	1.97533925E-1
2.52615104E-3	1.98003923E-1
2.52493038E-3	1.98147634E-1
2.52398054E-3	1.97846888E-1
2.52316882E-3	1.98001814E-1
2.52183552E-3	1.98512697E-1
2.52049067E-3	1.98518858E-1
2.51950440E-3	1.98701946E-1
2.51842891E-3	1.99238368E-1
2.51725356E-3	1.98808079E-1
2.51647917E-3	1.99238772E-1
2.51485069E-3	1.99396226E-1
2.51390079E-3	1.99369820E-1
2.51320390E-3	2.00058146E-1
2.51199331E-3	2.00370481E-1
2.51088362E-3	1.99900410E-1
2.50936927E-3	2.00398107E-1
2.50853797E-3	2.00606046E-1
2.50747003E-3	2.00591471E-1
2.50622364E-3	2.01006392E-1
2.50518409E-3	2.01228220E-1
2.50416706E-3	2.01045789E-1
2.50311031E-3	2.01106639E-1
2.50174802E-3	2.01174740E-1
2.50111420E-3	2.01487142E-1
2.49991613E-3	2.02104851E-1
2.49876819E-3	2.02440508E-1
2.49745554E-3	2.02358743E-1
2.49631725E-3	2.02429364E-1
2.49555084E-3	2.02757458E-1
2.49444244E-3	2.02546397E-1
2.49344947E-3	2.02496256E-1
2.49234981E-3	2.02733709E-1
2.49139953E-3	2.02827831E-1
2.49000377E-3	2.03419729E-1
2.48903946E-3	2.03742036E-1
2.48777852E-3	2.03926338E-1
2.48645891E-3	2.03956539E-1
2.48578202E-3	2.03934371E-1
2.48465814E-3	2.04491500E-1
2.48358821E-3	2.04788375E-1
2.48255104E-3	2.04822591E-1
2.48160102E-3	2.05105036E-1
2.48019687E-3	2.04640791E-1
2.47890405E-3	2.04940485E-1
2.47818548E-3	2.05354161E-1
2.47702020E-3	2.05484442E-1
2.47622899E-3	2.05514742E-1
2.47484890E-3	2.06120979E-1
2.47358404E-3	2.05707805E-1
2.47276351E-3	2.05980645E-1
2.47217052E-3	2.06209626E-1
2.47085000E-3	2.06948083E-1
2.46966626E-3	2.07003616E-1
2.46837455E-3	2.06760340E-1
2.46755211E-3	2.07347112E-1
2.46650935E-3	2.06945487E-1
2.46551547E-3	2.07269822E-1
2.46462151E-3	2.07869338E-1
2.46329903E-3	2.07825646E-1
2.46240522E-3	2.08060512E-1
2.46112582E-3	2.08377645E-1
2.46025829E-3	2.08485819E-1
2.45894085E-3	2.08824541E-1
2.45824832E-3	2.08804913E-1
2.45717405E-3	2.08718067E-1
2.45605129E-3	2.08855789E-1
2.45509005E-3	2.08890630E-1
2.45402099E-3	2.09359154E-1
2.45285248E-3	2.09986835E-1
2.45165561E-3	2.09993260E-1
2.45077284E-3	2.10131343E-1
2.44967819E-3	2.10586889E-1
2.44877584E-3	2.11080306E-1
2.44746128E-3	2.10963857E-1
2.44646500E-3	2.11020749E-1
2.44560181E-3	2.10750674E-1
2.44463121E-3	2.11280820E-1
2.44328244E-3	2.11585834E-1
2.44241313E-3	2.12001344E-1
2.44144881E-3	2.11771163E-1
2.44021304E-3	2.12267725E-1
2.43966509E-3	2.12847200E-1
2.43820611E-3	2.12502711E-1
2.43738669E-3	2.12629160E-1
2.43619232E-3	2.12999768E-1
2.43537444E-3	2.12791879E-1
2.43408098E-3	2.13017089E-1
2.43304884E-3	2.13211149E-1
2.43206242E-3	2.13663764E-1
2.43110189E-3	2.14221131E-1
2.42987227E-3	2.14235456E-1
2.42906656E-3	2.14025053E-1
2.42795219E-3	2.14068433E-1
2.42735487E-3	2.14569565E-1
2.42593840E-3	2.14743311E-1
2.42512332E-3	2.15135694E-1
2.42406896E-3	2.15495332E-1
2.42276997E-3	2.15616473E-1
2.42189951E-3	2.15693795E-1
2.42095520E-3	2.15974033E-1
2.42004837E-3	2.15968844E-1
2.41921789E-3	2.16498020E-1
2.41791555E-3	2.16360457E-1
2.41696041E-3	2.16429483E-1
2.41602897E-3	2.17289337E-1
2.41513784E-3	2.16998120E-1
2.41403000E-3	2.17444870E-1
2.41305436E-3	2.17890026E-1
2.41224684E-3	2.18227638E-1
2.41122141E-3	2.17896813E-1
2.41008848E-3	2.18525471E-1
2.40920044E-3	2.18896016E-1
2.40792048E-3	2.18763192E-1
2.40694551E-3	2.18686177E-1
2.40595421E-3	2.19500186E-1
2.40511077E-3	2.19228512E-1
2.40421076E-3	2.19962657E-1
2.40326813E-3	2.19733361E-1
2.40218732E-3	2.19955285E-1
2.40111211E-3	2.20497069E-1
2.40021537E-3	2.20454539E-1
2.39915163E-3	2.20621530E-1
2.39804118E-3	2.21097621E-1
2.39728203E-3	2.21371696E-1
2.39627115E-3	2.21547685E-1
2.39516125E-3	2.21733186E-1
2.39418170E-3	2.22155533E-1
2.39305782E-3	2.21827153E-1
2.39226120E-3	2.22542068E-1
2.39115465E-3	2.22716531E-1
2.39029691E-3	2.23358477E-1
2.38916295E-3	2.23548282E-1
2.38815879E-3	2.23490747E-1
2.38721805E-3	2.23402676E-1
2.38653555E-3	2.23564665E-1
2.38542062E-3	2.23847804E-1
2.38423744E-3	2.24320555E-1
2.38309621E-3	2.24897411E-1
2.38216188E-3	2.25133489E-1
2.38130708E-3	2.25364241E-1
2.38043172E-3	2.25332883E-1
2.37925077E-3	2.25818469E-1
2.37843457E-3	2.25942459E-1
2.37744896E-3	2.25957036E-1
2.37618578E-3	2.26266353E-1
2.37533111E-3	2.26576354E-1
2.37430177E-3	2.26920707E-1
2.37333347E-3	2.27003586E-1
2.37238685E-3	2.27113264E-1
2.37126241E-3	2.27385109E-1
2.37067706E-3	2.27873321E-1
2.36956940E-3	2.28530544E-1
2.36861622E-3	2.28444222E-1
2.36761001E-3	2.28855076E-1
2.36693702E-3	2.29287228E-1
2.36599621E-3	2.29159602E-1
2.36476660E-3	2.29203324E-1
2.36398310E-3	2.29289794E-1
2.36290534E-3	2.29663121E-1
2.36194760E-3	2.30369060E-1
2.36108661E-3	2.30747094E-1
2.36015964E-3	2.30702740E-1
2.35923044E-3	2.30335684E-1
2.35809369E-3	2.30937929E-1
2.35713092E-3	2.31561097E-1
2.35636200E-3	2.32018308E-1
2.35520063E-3	2.31953021E-1
2.35456769E-3	2.32119726E-1
2.35329453E-3	2.32430831E-1
2.35224560E-3	2.32882834E-1
2.35149235E-3	2.33073766E-1
2.35101740E-3	2.33354919E-1
2.34969666E-3	2.33828728E-1
2.34845418E-3	2.33994854E-1
2.34750372E-3	2.34346412E-1
2.34666120E-3	2.34448109E-1
2.34591269E-3	2.34769028E-1
2.34471441E-3	2.35239175E-1
2.34386128E-3	2.35690624E-1
2.34299474E-3	2.35322005E-1
2.34217630E-3	2.35582755E-1
2.34109045E-3	2.36057234E-1
2.34005709E-3	2.36265532E-1
2.33905908E-3	2.36339026E-1
2.33836148E-3	2.36899288E-1
2.33774023E-3	2.37092146E-1
2.33648824E-3	2.37663321E-1
2.33575247E-3	2.37794434E-1
2.33439027E-3	2.37912283E-1
2.33365071E-3	2.38318312E-1
2.33282131E-3	2.38898503E-1
2.33182722E-3	2.39340610E-1
2.33120332E-3	2.39383745E-1
2.32980588E-3	2.39550826E-1
2.32898183E-3	2.39712772E-1
2.32812238E-3	2.40054979E-1
2.32699738E-3	2.40344970E-1
2.32603549E-3	2.40844537E-1
2.32494014E-3	2.41016680E-1
2.32444529E-3	2.41478372E-1
2.32330388E-3	2.41505974E-1
2.32254027E-3	2.42403565E-1
2.32173161E-3	2.42475723E-1
2.32072521E-3	2.42504121E-1
2.31974550E-3	2.43011007E-1
2.31901719E-3	2.43240710E-1
2.31824462E-3	2.44040280E-1
2.31708718E-3	2.43870077E-1
2.31601420E-3	2.44394350E-1
2.31507241E-3	2.44716752E-1
2.31416994E-3	2.45027513E-1
2.31344157E-3	2.45122203E-1
2.31242806E-3	2.45470196E-1
2.31161410E-3	2.45957443E-1
2.31060932E-3	2.46297106E-1
2.30981437E-3	2.46325031E-1
2.30866028E-3	2.47430826E-1
2.30798467E-3	2.47329276E-1
2.30688093E-3	2.47440446E-1
2.30620398E-3	2.48155248E-1
2.30506667E-3	2.48267917E-1
2.30444627E-3	2.48320920E-1
2.30316000E-3	2.48518295E-1
2.30252841E-3	2.49066445E-1
2.30173354E-3	2.49474348E-1
2.30086420E-3	2.49780652E-1
2.29958759E-3	2.50503608E-1
2.29881490E-3	2.50706542E-1
2.29774919E-3	2.51305939E-1
2.29719467E-3	2.51556972E-1
2.29633820E-3	2.51684735E-1
2.29520145E-3	2.52140051E-1
2.29427580E-3	2.52316395E-1
2.29357988E-3	2.52916899E-1
2.29270257E-3	2.53077207E-1
2.29159211E-3	2.53405527E-1
2.29056333E-3	2.53703924E-1
2.28991784E-3	2.54229350E-1
2.28894724E-3	2.54264250E-1
2.28796937E-3	2.54403527E-1
2.28705136E-3	2.54800417E-1
2.28635535E-3	2.55123546E-1
2.28523515E-3	2.55861976E-1
2.28478313E-3	2.56035439E-1
2.28360163E-3	2.56217269E-1
2.28289340E-3	2.56955436E-1
2.28181878E-3	2.57273264E-1
2.28088408E-3	2.57863646E-1
2.28023571E-3	2.57974850E-1
2.27904663E-3	2.58561124E-1
2.27819911E-3	2.59069070E-1
2.27727976E-3	2.59113142E-1
2.27641345E-3	2.59292425E-1
2.27557487E-3	2.59675184E-1
2.27502677E-3	2.60099666E-1
2.27365058E-3	2.60632168E-1
2.27286644E-3	2.61171244E-1
2.27200888E-3	2.61499169E-1
2.27109926E-3	2.61512765E-1
2.27040340E-3	2.62215661E-1
2.26943783E-3	2.62912353E-1
2.26854935E-3	2.62344615E-1
2.26773929E-3	2.63638906E-1
2.26674967E-3	2.63948617E-1
2.26579560E-3	2.64219898E-1
2.26493744E-3	2.64848680E-1
2.26391538E-3	2.64512783E-1
2.26309694E-3	2.65670672E-1
2.26207263E-3	2.65362156E-1
2.26147269E-3	2.66564462E-1
2.26061901E-3	2.66479120E-1
2.25967962E-3	2.66866524E-1
2.25871741E-3	2.67679016E-1
2.25761702E-3	2.68065537E-1
2.25703716E-3	2.68293717E-1
2.25578853E-3	2.68820060E-1
2.25524583E-3	2.69184153E-1
2.25430432E-3	2.69875516E-1
2.25359889E-3	2.70369490E-1
2.25248268E-3	2.70304291E-1
2.25186508E-3	2.70944254E-1
2.25093462E-3	2.71412011E-1
2.25023030E-3	2.72295979E-1
2.24932907E-3	2.72545393E-1
2.24850587E-3	2.72531335E-1
2.24766115E-3	2.72792678E-1
2.24699348E-3	2.73856014E-1
2.24576051E-3	2.74013152E-1
2.24499126E-3	2.75242214E-1
2.24423701E-3	2.74684817E-1
2.24321215E-3	2.75024269E-1
2.24211133E-3	2.75607354E-1
2.24136394E-3	2.76180525E-1
2.24080004E-3	2.76480557E-1
2.23974078E-3	2.76940419E-1
2.23888878E-3	2.77613800E-1
2.23837492E-3	2.78316462E-1
2.23765102E-3	2.78682198E-1
2.23667831E-3	2.78679458E-1
2.23593977E-3	2.79509720E-1
2.23479631E-3	2.79728290E-1
2.23392528E-3	2.80373772E-1
2.23283720E-3	2.80672363E-1
2.23210859E-3	2.81618518E-1
2.23175539E-3	2.82071704E-1
2.23068409E-3	2.82645754E-1
2.22993226E-3	2.82613336E-1
2.22922738E-3	2.83383945E-1
2.22812726E-3	2.84010753E-1
2.22687694E-3	2.84523679E-1
2.22616536E-3	2.85169428E-1
2.22567739E-3	2.85208283E-1
2.22487349E-3	2.85890116E-1
2.22399365E-3	2.86038476E-1
2.22315395E-3	2.86668275E-1
2.22246306E-3	2.87460288E-1
2.22148588E-3	2.87687534E-1
2.22065681E-3	2.88202740E-1
2.21972103E-3	2.89391886E-1
2.21866931E-3	2.89255585E-1
2.21757731E-3	2.90293377E-1
2.21696274E-3	2.89958718E-1
2.21642569E-3	2.91020906E-1
2.21532292E-3	2.91369903E-1
2.21462085E-3	2.92141795E-1
2.21353053E-3	2.92865065E-1
2.21279099E-3	2.92945352E-1
2.21200892E-3	2.93841531E-1
2.21117881E-3	2.94222319E-1
2.21020709E-3	2.94528530E-1
2.20972095E-3	2.95278065E-1
2.20865469E-3	2.95545798E-1
2.20800072E-3	2.96311472E-1
2.20697443E-3	2.96959828E-1
2.20622088E-3	2.97196798E-1
2.20535523E-3	2.98123208E-1
2.20436976E-3	2.98584439E-1
2.20385732E-3	2.99645523E-1
2.20286371E-3	2.99782982E-1
2.20210849E-3	3.00476608E-1
2.20106475E-3	3.01093681E-1
2.20050711E-3	3.01667096E-1
2.19962881E-3	3.02157580E-1
2.19909692E-3	3.02428658E-1
2.19807877E-3	3.03471566E-1
2.19746744E-3	3.04189210E-1
2.19658330E-3	3.04592905E-1
2.19531844E-3	3.05324215E-1
2.19485464E-3	3.06073794E-1
2.19402109E-3	3.06235836E-1
2.19313149E-3	3.07122602E-1
2.19225865E-3	3.07780149E-1
2.19122875E-3	3.09021234E-1
2.19064911E-3	3.09001319E-1
2.18995263E-3	3.10000671E-1
2.18914223E-3	3.10521279E-1
2.18806702E-3	3.11017899E-1
2.18739460E-3	3.11717372E-1
2.18659414E-3	3.11895932E-1
2.18580031E-3	3.12497601E-1
2.18464747E-3	3.13325163E-1
2.18391518E-3	3.13903411E-1
2.18287297E-3	3.14883979E-1
2.18245297E-3	3.15895157E-1
2.18153216E-3	3.16363985E-1
2.18060084E-3	3.16623812E-1
2.18002184E-3	3.17349771E-1
2.17901264E-3	3.18418594E-1
2.17818340E-3	3.18871158E-1
2.17725252E-3	3.19853524E-1
2.17669279E-3	3.20641010E-1
2.17588330E-3	3.20869932E-1
2.17532332E-3	3.21882784E-1
2.17415064E-3	3.22567528E-1
2.17340269E-3	3.23666344E-1
2.17267482E-3	3.23637680E-1
2.17168072E-3	3.24925895E-1
2.17111123E-3	3.25153981E-1
2.17027881E-3	3.25880994E-1
2.16946428E-3	3.26552583E-1
2.16879235E-3	3.27742886E-1
2.16776357E-3	3.28055054E-1
2.16683500E-3	3.29380912E-1
2.16604918E-3	3.29732193E-1
2.16564639E-3	3.30602590E-1
2.16448181E-3	3.30845207E-1
2.16413161E-3	3.32137430E-1
2.16301266E-3	3.32774964E-1
2.16235266E-3	3.33608743E-1
2.16132779E-3	3.34216512E-1
2.16072827E-3	3.35314403E-1
2.16010899E-3	3.35986127E-1
2.15918840E-3	3.36551202E-1
2.15820838E-3	3.37768410E-1
2.15733680E-3	3.38155373E-1
2.15673260E-3	3.39803952E-1
2.15584088E-3	3.39958155E-1
2.15532253E-3	3.40596773E-1
2.15406976E-3	3.41346048E-1
2.15343425E-3	3.42491462E-1
2.15285239E-3	3.43279580E-1
2.15193158E-3	3.44445722E-1
2.15113563E-3	3.44671215E-1
2.15038266E-3	3.45671209E-1
2.14958380E-3	3.46828942E-1
2.14892324E-3	3.47787684E-1
2.14816410E-3	3.48308490E-1
2.14737421E-3	3.49272694E-1
2.14670625E-3	3.50323012E-1
2.14585705E-3	3.51312007E-1
2.14494223E-3	3.51739888E-1
2.14428323E-3	3.53285703E-1
2.14327353E-3	3.53526697E-1
2.14269173E-3	3.54824226E-1
2.14188840E-3	3.55706773E-1
2.14137068E-3	3.56558368E-1
2.14025742E-3	3.57166233E-1
2.13947143E-3	3.58449513E-1
2.13882418E-3	3.59281666E-1
2.13801077E-3	3.60678660E-1
2.13728980E-3	3.60907765E-1
2.13659219E-3	3.62359324E-1
2.13577835E-3	3.62729839E-1
2.13502480E-3	3.64256842E-1
2.13412082E-3	3.65167436E-1
2.13330112E-3	3.66394322E-1
2.13273443E-3	3.67557874E-1
2.13185657E-3	3.68286137E-1
2.13096204E-3	3.69325071E-1
2.13026496E-3	3.70210435E-1
2.12959413E-3	3.71883579E-1
2.12891219E-3	3.72018927E-1
2.12834162E-3	3.73377728E-1
2.12743535E-3	3.74404060E-1
2.12672286E-3	3.75907638E-1
2.12542838E-3	3.76447262E-1
2.12510615E-3	3.78079716E-1
2.12442807E-3	3.78357006E-1
2.12347816E-3	3.79856613E-1
2.12266205E-3	3.80506326E-1
2.12209371E-3	3.82370509E-1
2.12145652E-3	3.82945901E-1
2.12031126E-3	3.84353167E-1
2.11972554E-3	3.85601608E-1
2.11909090E-3	3.86232665E-1
2.11831351E-3	3.87898470E-1
2.11715774E-3	3.88778729E-1
2.11693832E-3	3.90425558E-1
2.11619764E-3	3.90939193E-1
2.11545989E-3	3.92174364E-1
2.11469404E-3	3.93162636E-1
2.11397462E-3	3.94869424E-1
2.11293592E-3	3.96092257E-1
2.11230098E-3	3.97258673E-1
2.11150765E-3	3.98782443E-1
2.11091802E-3	4.00277729E-1
2.11015384E-3	4.01595402E-1
2.10950447E-3	4.02471201E-1
2.10872743E-3	4.03301468E-1
2.10803814E-3	4.05039871E-1
2.10745074E-3	4.06066322E-1
2.10636937E-3	4.06843994E-1
2.10568787E-3	4.08920529E-1
2.10523642E-3	4.09602195E-1
2.10430210E-3	4.11779536E-1
2.10330688E-3	4.12460010E-1
2.10289011E-3	4.14642155E-1
2.10202928E-3	4.15655036E-1
2.10130091E-3	4.16878096E-1
2.10075959E-3	4.17810385E-1
2.09966592E-3	4.19513128E-1
2.09902146E-3	4.21340120E-1
2.09816331E-3	4.22534209E-1
2.09756360E-3	4.23900042E-1
2.09694078E-3	4.24930459E-1
2.09635282E-3	4.27288432E-1
2.09536038E-3	4.28146093E-1
2.09463863E-3	4.30925755E-1
2.09379558E-3	4.31296584E-1
2.09336677E-3	4.33170275E-1
2.09231953E-3	4.34166802E-1
2.09157510E-3	4.36111301E-1
2.09109811E-3	4.37104609E-1
2.09041897E-3	4.38713366E-1
2.08967987E-3	4.41034012E-1
2.08891905E-3	4.41580625E-1
2.08837067E-3	4.44052211E-1
2.08743074E-3	4.45499601E-1
2.08660000E-3	4.47809541E-1
2.08599780E-3	4.48630736E-1
2.08538356E-3	4.50680496E-1
2.08469932E-3	4.51530636E-1
2.08395500E-3	4.54561956E-1
2.08320425E-3	4.55814322E-1
2.08255128E-3	4.57970891E-1
2.08150460E-3	4.59645706E-1
2.08107275E-3	4.61041443E-1
2.08014299E-3	4.63170716E-1
2.07943700E-3	4.63922279E-1
2.07862136E-3	4.66705288E-1
2.07809382E-3	4.67994981E-1
2.07747489E-3	4.70569700E-1
2.07642653E-3	4.72246852E-1
2.07573396E-3	4.74052097E-1
2.07550528E-3	4.75824360E-1
2.07453468E-3	4.77975728E-1
2.07397705E-3	4.80050422E-1
2.07332700E-3	4.82005793E-1
2.07253989E-3	4.84313195E-1
2.07176338E-3	4.85992041E-1
2.07116423E-3	4.88623393E-1
2.07019817E-3	4.89137908E-1
2.06982224E-3	4.92565636E-1
2.06877164E-3	4.93657162E-1
2.06808982E-3	4.97414190E-1
2.06738494E-3	4.98284093E-1
2.06685024E-3	5.01077052E-1
2.06611795E-3	5.03133413E-1
2.06534091E-3	5.05878961E-1
2.06471339E-3	5.07673799E-1
2.06398502E-3	5.09682451E-1
2.06325517E-3	5.12022302E-1
2.06241435E-3	5.13887461E-1
2.06177372E-3	5.17450537E-1
2.06110604E-3	5.18704405E-1
2.06014104E-3	5.22120024E-1
2.05958755E-3	5.24103509E-1
2.05888883E-3	5.26521834E-1
2.05822239E-3	5.28274995E-1
2.05740935E-3	5.31831493E-1
2.05684489E-3	5.33834765E-1
2.05626029E-3	5.36409208E-1
2.05528746E-3	5.39776291E-1
2.05499338E-3	5.41634697E-1
2.05420253E-3	5.45311915E-1
2.05333151E-3	5.46892849E-1
2.05264292E-3	5.50174198E-1
2.05184350E-3	5.52593713E-1
2.05126730E-3	5.55802269E-1
2.05056821E-3	5.58580491E-1
2.04977047E-3	5.61416825E-1
2.04913867E-3	5.64606824E-1
2.04821227E-3	5.67406385E-1
2.04793293E-3	5.70692083E-1
2.04689599E-3	5.72815510E-1
2.04599308E-3	5.77410559E-1
2.04546935E-3	5.78594336E-1
2.04498824E-3	5.83225962E-1
2.04434434E-3	5.85499168E-1
2.04364674E-3	5.89142411E-1
2.04291669E-3	5.92680499E-1
2.04210968E-3	5.95730659E-1
2.04149711E-3	5.98742707E-1
2.04093836E-3	6.01890636E-1
2.04045390E-3	6.06733513E-1
2.03949504E-3	6.08358671E-1
2.03892494E-3	6.13655909E-1
2.03828496E-3	6.15735880E-1
2.03741685E-3	6.20193913E-1
2.03694022E-3	6.23092950E-1
2.03603787E-3	6.27761769E-1
2.03540439E-3	6.30855687E-1
2.03478511E-3	6.34294329E-1
2.03387157E-3	6.39081025E-1
2.03323942E-3	6.41839843E-1
2.03282601E-3	6.47432493E-1
2.03197553E-3	6.50330223E-1
2.03143960E-3	6.55360753E-1
2.03079202E-3	6.58968057E-1
2.02969387E-3	6.63162913E-1
2.02932353E-3	6.67828151E-1
2.02838661E-3	6.71844932E-1
2.02794579E-3	6.76585746E-1
2.02710259E-3	6.79593232E-1
2.02657952E-3	6.86235185E-1
2.02648222E-3	6.88874740E-1
2.02535618E-3	6.95230518E-1
2.02448068E-3	6.99008803E-1
2.02368159E-3	7.04470558E-1
2.02308021E-3	7.09492221E-1
2.02280262E-3	7.13457039E-1
2.02197792E-3	7.19990560E-1
2.02100228E-3	7.24049043E-1
2.02063179E-3	7.31037381E-1
2.02002594E-3	7.35014990E-1
2.01931232E-3	7.41688833E-1
2.01885877E-3	7.46290397E-1
2.01768509E-3	7.51292350E-1
2.01686959E-3	7.58071366E-1
2.01655687E-3	7.62495419E-1
2.01605887E-3	7.70169507E-1
2.01545103E-3	7.74683738E-1
2.01466336E-3	7.82674472E-1
2.01417784E-3	7.87844887E-1
2.01326822E-3	7.94575916E-1
2.01229495E-3	8.00930362E-1
2.01201692E-3	8.07521729E-1
2.01095513E-3	8.14938451E-1
2.01056701E-3	8.20029939E-1
2.01019108E-3	8.29550237E-1
2.00950079E-3	8.34499224E-1
2.00864039E-3	8.43297379E-1
2.00814027E-3	8.49712976E-1
2.00727719E-3	8.58200528E-1
2.00649680E-3	8.66082646E-1
2.00613606E-3	8.72090117E-1
2.00530364E-3	8.82749486E-1
2.00451038E-3	8.88395721E-1
2.00397356E-3	8.99522425E-1
2.00356182E-3	9.06159575E-1
2.00258497E-3	9.15148235E-1
2.00184541E-3	9.24771620E-1
2.00104152E-3	9.31380778E-1
2.00061542E-3	9.44212060E-1
1.99986412E-3	9.50332999E-1
1.99950548E-3	9.64262180E-1
1.99878438E-3	9.71781289E-1
1.99841492E-3	9.82323328E-1
1.99751871E-3	9.92978843E-1
1.99692964E-3	1.00236015E+0
1.99624961E-3	1.01595658E+0
1.99564096E-3	1.02400375E+0
1.99472403E-3	1.03932082E+0
1.99441573E-3	1.04899173E+0
1.99357827E-3	1.06134346E+0
1.99320422E-3	1.07509195E+0
1.99269290E-3	1.08416175E+0
1.99184265E-3	1.09431468E+0
1.99080440E-3	1.09430037E+0
1.99038819E-3	1.09428087E+0
1.98950509E-3	1.09428732E+0
1.98903517E-3	1.09426546E+0
1.98886598E-3	1.09429243E+0
1.98783709E-3	1.09428613E+0
1.98733529E-3	1.09429350E+0
1.98657496E-3	1.09426296E+0
1.98606420E-3	1.09426165E+0
1.98543028E-3	1.09425562E+0
1.98464301E-3	1.09423513E+0
1.98406177E-3	1.09426215E+0
1.98319403E-3	1.09427000E+0
1.98275097E-3	1.09422371E+0
1.98229112E-3	1.09421232E+0
1.98140611E-3	1.09426586E+0
1.98098207E-3	1.09426018E+0
1.98031132E-3	1.09429038E+0
1.97943974E-3	1.09428099E+0
1.97897567E-3	1.09421433E+0
1.97839776E-3	1.09422985E+0
1.97775274E-3	1.09417877E+0
1.97718134E-3	1.09426331E+0
1.97650892E-3	1.09423732E+0
1.97589762E-3	1.09423965E+0
1.97506184E-3	1.09416642E+0
1.97472675E-3	1.09415190E+0
1.97422274E-3	1.09420413E+0
1.97331648E-3	1.09419792E+0
1.97267482E-3	1.09424530E+0
1.97185694E-3	1.80811845E-1
1.97129640E-3	1.86635405E-1
1.97088478E-3	1.89075294E-1
1.97021738E-3	1.95180663E-1
1.96945034E-3	1.98911677E-1
1.96923216E-3	2.04986516E-1
1.96866435E-3	2.08683603E-1
1.96762344E-3	2.15230600E-1
1.96720331E-3	2.21005248E-1
1.96660593E-3	2.27382888E-1
1.96587085E-3	2.34218503E-1
1.96546415E-3	2.41030664E-1
1.96442899E-3	2.49975004E-1
1.96405250E-3	2.56827993E-1
1.96334528E-3	2.67891624E-1
1.96277075E-3	2.76039863E-1
1.96207986E-3	2.89908532E-1
1.96143518E-3	2.96958842E-1
1.96090932E-3	3.15613782E-1
1.96022661E-3	3.26721863E-1
1.95962970E-3	3.50019327E-1
1.95924538E-3	3.64613319E-1
1.95838006E-3	3.95637270E-1
1.95759128E-3	4.21917561E-1
1.95714194E-3	4.62928490E-1
1.95652434E-3	5.08012344E-1
1.95599793E-3	5.55769214E-1
1.95561259E-3	6.23819967E-1
1.95479192E-3	6.67513154E-1
1.95416100E-3	7.41136965E-1
1.95325417E-3	7.76586871E-1
1.95259668E-3	8.35247569E-1
1.95213225E-3	8.77403760E-1
1.95136920E-3	9.23089478E-1
1.95093906E-3	9.62960157E-1
1.95027223E-3	9.91386167E-1
1.94963016E-3	1.04589138E+0
1.94904403E-3	1.08034964E+0
1.94847454E-3	1.09445946E+0
1.94764402E-3	1.09449555E+0
1.94715900E-3	1.09450033E+0
1.94671426E-3	1.09452132E+0
1.94630084E-3	1.09451297E+0
1.94567653E-3	1.09449289E+0
1.94479962E-3	1.09449948E+0
1.94423181E-3	2.03110469E-1
1.94341421E-3	2.28431609E-1
1.94269883E-3	2.54614350E-1
1.94233744E-3	2.79170186E-1
1.94185489E-3	3.14015346E-1
1.94122274E-3	3.44184074E-1
1.94086816E-3	3.78705402E-1
1.94011856E-3	3.73303565E-1
1.93954850E-3	3.25306424E-1
1.93853103E-3	2.98702340E-1
1.93828656E-3	2.60308940E-1
1.93739983E-3	2.46174885E-1
1.93641860E-3	2.23009424E-1
1.93616182E-3	2.13249544E-1
1.93587148E-3	1.97316773E-1
1.93536072E-3	1.89316606E-1
1.93465272E-3	1.77635106E-1
1.93410448E-3	1.70427156E-1
1.93337555E-3	1.61231149E-1
1.93297762E-3	1.55000892E-1
1.93219331E-3	1.48258550E-1
1.93150354E-3	1.42111741E-1
1.93115614E-3	1.38375492E-1
1.93051448E-3	1.09476092E+0
1.92997933E-3	1.09483075E+0
1.92920397E-3	1.09479049E+0
1.92877511E-3	1.09478041E+0
1.92776647E-3	1.09475724E+0
1.92744536E-3	1.09480720E+0
1.92671437E-3	1.07517937E+0
1.92601733E-3	1.03322470E+0
1.92549136E-3	1.01251655E+0
1.92493641E-3	9.73420172E-1
1.92441167E-3	9.54039151E-1
1.92396194E-3	9.25391056E-1
1.92321119E-3	9.01416894E-1
1.92269441E-3	8.81124209E-1
1.92220044E-3	8.55234962E-1
1.92135516E-3	8.41138741E-1
1.92082657E-3	8.13214254E-1
1.92051329E-3	8.00480482E-1
1.91973108E-3	7.78091504E-1
1.91911180E-3	7.63919689E-1
1.91834035E-3	7.46662776E-1
1.91795597E-3	7.30382843E-1
1.91744130E-3	7.17836479E-1
1.91681418E-3	6.99754861E-1
1.91627043E-3	6.90436238E-1
1.91563611E-3	6.71962432E-1
1.91476147E-3	6.62666074E-1
1.91440903E-3	6.48026051E-1
1.91399808E-3	6.37274693E-1
1.91282720E-3	6.25726176E-1
1.91276982E-3	6.13454632E-1
1.91221751E-3	6.04804039E-1
1.91184046E-3	5.92043235E-1
1.91119835E-3	5.85517030E-1
1.91044816E-3	5.71958133E-1
1.90973520E-3	5.65276768E-1
1.90929396E-3	5.53578871E-1
1.90857174E-3	5.47166660E-1
1.90797893E-3	5.37241120E-1
1.90739881E-3	5.30130982E-1
1.90688929E-3	5.21936254E-1
1.90657780E-3	5.13433134E-1
1.90546342E-3	5.06866723E-1
1.90536273E-3	4.98355695E-1
1.90483743E-3	4.93523900E-1
1.90417514E-3	4.83410985E-1
1.90331702E-3	4.79484474E-1
1.90265019E-3	4.71195149E-1
1.90242821E-3	4.66472912E-1
1.90171270E-3	4.58797207E-1
1.90108848E-3	4.53546665E-1
1.90051677E-3	4.45701936E-1
1.89971623E-3	4.42087235E-1
1.89941754E-3	4.36253174E-1
1.89877028E-3	4.30203159E-1
1.89799716E-3	4.25846421E-1
1.89746962E-3	4.19672639E-1
1.89697956E-3	4.16219494E-1
1.89649036E-3	4.09225242E-1
1.89581625E-3	4.06303473E-1
1.89528108E-3	3.99371750E-1
1.89459412E-3	3.96896948E-1
1.89394687E-3	3.91233581E-1
1.89354169E-3	3.87652921E-1
1.89307065E-3	3.83043212E-1
1.89233843E-3	3.78563452E-1
1.89178852E-3	3.74928544E-1
1.89133538E-3	3.70513044E-1
1.89086971E-3	3.67617564E-1
1.89026609E-3	3.63033607E-1
1.88961340E-3	3.60387937E-1
1.88914795E-3	3.55126761E-1
1.88854489E-3	3.52250326E-1
1.88804776E-3	3.47277089E-1
1.88750064E-3	3.44864829E-1
1.88702752E-3	3.41228240E-1
1.88611678E-3	3.38337046E-1
1.88583203E-3	3.34982027E-1
1.88497775E-3	3.31609644E-1
1.88440378E-3	3.28535312E-1
1.88401060E-3	3.25352367E-1
1.88340866E-3	3.22900161E-1
1.88286825E-3	3.19506256E-1
1.88251857E-3	3.16618218E-1
1.88186460E-3	3.13785959E-1
1.88154102E-3	3.11405714E-1
1.88087586E-3	3.08264782E-1
1.87996176E-3	3.06446262E-1
1.87952303E-3	3.02214193E-1
1.87904024E-3	3.01247419E-1
1.87846633E-3	2.97907963E-1
1.87795390E-3	2.95744365E-1
1.87739279E-3	2.92877245E-1
1.87712722E-3	2.91020054E-1
1.87653758E-3	2.87904240E-1
1.87574409E-3	2.85836257E-1
1.87518187E-3	2.83485930E-1
1.87450031E-3	2.80852831E-1
1.87439668E-3	2.79026277E-1
1.87353237E-3	2.76034392E-1
1.87316168E-3	2.75437021E-1
1.87244785E-3	2.72150595E-1
1.87174301E-3	2.70774010E-1
1.87151037E-3	2.68221652E-1
1.87072438E-3	2.65908312E-1
1.87022511E-3	2.63971726E-1
1.86969477E-3	2.62370080E-1
1.86908730E-3	2.59869367E-1
1.86883617E-3	2.58390551E-1
1.86846863E-3	2.56219197E-1
1.86791265E-3	2.54790765E-1
1.86718484E-3	2.53037924E-1
1.86660662E-3	2.50815294E-1
1.86588325E-3	2.49581809E-1
1.86543627E-3	2.47708477E-1
1.86484741E-3	2.46274899E-1
1.86464937E-3	2.43870832E-1
1.86385753E-3	2.42789286E-1
1.86326868E-3	2.41127014E-1
1.86280827E-3	2.40041995E-1
1.86205824E-3	2.37666258E-1
1.86149770E-3	2.36977905E-1
1.86112198E-3	2.34298967E-1
1.86044877E-3	2.32819347E-1
1.85983508E-3	2.31623204E-1
1.85954373E-3	2.30362285E-1
1.85889144E-3	2.28707321E-1
1.85830628E-3	2.27181641E-1
1.85755610E-3	2.25865942E-1
1.85711135E-3	2.24422002E-1
1.85673837E-3	2.23131006E-1
1.85610007E-3	2.21411339E-1
1.85556472E-3	2.20653087E-1
1.85505508E-3	2.19110973E-1
1.85440503E-3	2.17545519E-1
1.85412225E-3	2.15763744E-1
1.85332674E-3	2.15466270E-1
1.85324751E-3	2.13698721E-1
1.85244026E-3	2.12651801E-1
1.85184895E-3	2.11292592E-1
1.85158868E-3	2.09900956E-1
1.85083961E-3	2.08590986E-1
1.85042305E-3	2.07287345E-1
1.84984237E-3	2.06200412E-1
1.84931203E-3	2.05330438E-1
1.84889253E-3	2.03911098E-1
1.84782347E-3	2.03136872E-1
1.84741289E-3	2.01690801E-1
1.84702409E-3	2.00416600E-1
1.84664536E-3	1.99415971E-1
1.84596098E-3	1.98289050E-1
1.84559064E-3	1.97352788E-1
1.84516970E-3	1.95840733E-1
1.84399491E-3	1.95080580E-1
1.84372359E-3	1.93993541E-1
1.84338989E-3	1.93004325E-1
1.84255579E-3	1.92028392E-1
1.84201177E-3	1.90788414E-1
1.84197933E-3	1.89763420E-1
1.84107764E-3	1.88915582E-1
1.84085482E-3	1.87528012E-1
1.83992729E-3	1.87094826E-1
1.83962584E-3	1.85482935E-1
1.83881243E-3	1.85271973E-1
1.83870167E-3	1.84055842E-1
1.83811819E-3	1.83760757E-1
1.83759904E-3	1.82391684E-1
1.83733586E-3	1.81497529E-1
1.83657000E-3	1.80262939E-1
1.83595864E-3	1.79673927E-1
1.83530955E-3	1.78740391E-1
1.83501977E-3	1.77804864E-1
1.83422538E-3	1.77107398E-1
1.83394735E-3	1.76211509E-1
1.83307589E-3	1.75460067E-1
1.83286619E-3	1.74140080E-1
1.83244271E-3	1.73839795E-1
1.83187133E-3	1.72246972E-1
1.83130408E-3	1.72398288E-1
1.83084493E-3	1.70754401E-1
1.83004078E-3	1.70707382E-1
1.82957758E-3	1.69106713E-1
1.82914007E-3	1.68872862E-1
1.82849785E-3	1.67714794E-1
1.82825000E-3	1.67165556E-1
1.82750422E-3	1.65969119E-1
1.82687879E-3	1.65795375E-1
1.82627216E-3	1.64763657E-1
1.82598741E-3	1.64297080E-1
1.82543129E-3	1.63528740E-1
1.82493116E-3	1.62475361E-1
1.82436615E-3	1.61986994E-1
1.82409325E-3	1.60619455E-1
1.82367424E-3	1.60712756E-1
1.82276683E-3	1.60028169E-1
1.82225216E-3	1.59302310E-1
1.82171399E-3	1.58649473E-1
1.82126925E-3	1.57568064E-1
1.82063207E-3	1.56583639E-1
1.82003500E-3	1.56595566E-1
1.81954774E-3	1.55323143E-1
1.81922160E-3	1.54905389E-1
1.81863306E-3	1.53885625E-1
1.81819279E-3	1.53760737E-1
1.81749327E-3	1.52683662E-1
1.81693161E-3	1.52408199E-1
1.81605946E-3	1.51616487E-1
1.81599597E-3	1.51152785E-1
1.81557080E-3	1.50345785E-1
1.81499752E-3	1.49876139E-1
1.81425852E-3	1.49259924E-1
1.81377293E-3	1.48380781E-1
1.81328149E-3	1.47942149E-1
1.81293409E-3	1.47338162E-1
1.81252001E-3	1.46588284E-1
1.81191359E-3	1.46104499E-1
1.81165905E-3	1.45899119E-1
1.81125389E-3	1.44963254E-1
1.81046622E-3	1.44446196E-1
1.81006054E-3	1.43460702E-1
1.80962642E-3	1.43264649E-1
1.80897527E-3	1.42576151E-1
1.80857771E-3	1.42042276E-1
1.80788011E-3	4.13483866E-1
1.80774585E-3	1.09895902E+0
1.80721216E-3	1.09895884E+0
1.80665938E-3	1.09890823E+0
1.80633533E-3	1.09891510E+0
1.80542347E-3	1.09886975E+0
1.80509174E-3	1.09889567E+0
1.80481091E-3	1.09888189E+0
1.80403846E-3	1.09892132E+0
1.80374432E-3	1.09887671E+0
1.80307469E-3	1.09887196E+0
1.80275277E-3	1.09888425E+0
1.80243502E-3	1.09889181E+0
1.80176889E-3	1.09884753E+0
1.80115415E-3	1.09886011E+0
1.80056060E-3	1.09869239E+0
1.80039050E-3	1.09865081E+0
1.79953850E-3	1.09864921E+0
1.79923682E-3	1.09859323E+0
1.79855583E-3	1.09855031E+0
1.79828954E-3	1.09853533E+0
1.79800424E-3	1.09851618E+0
1.79716734E-3	1.09865348E+0
1.79671390E-3	1.09866914E+0
1.79621902E-3	1.09867568E+0
1.79562379E-3	1.09860106E+0
1.79521345E-3	1.09863812E+0
1.79498241E-3	1.09863717E+0
1.79424025E-3	1.09865752E+0
1.79359917E-3	1.09868905E+0
1.79316897E-3	1.09855704E+0
1.79284786E-3	1.09842405E+0
1.79205012E-3	1.09838128E+0
1.79158031E-3	1.09839457E+0
1.79115179E-3	1.09838152E+0
1.79089277E-3	1.09835635E+0
1.79029495E-3	1.09838295E+0
1.78956658E-3	1.09835480E+0
1.78938068E-3	1.09837251E+0
1.78870266E-3	1.09834281E+0
1.78810464E-3	1.09840513E+0
1.78767650E-3	1.09837860E+0
1.78735483E-3	1.09834413E+0
1.78661792E-3	1.09827611E+0
1.78620283E-3	1.09821954E+0
1.78575081E-3	1.09825066E+0
1.78504741E-3	1.09825783E+0
1.78442645E-3	1.09814594E+0
1.78380097E-3	1.09820952E+0
1.78336518E-3	1.09833264E+0
1.78301442E-3	1.09829844E+0
1.78275541E-3	1.09828800E+0
1.78187879E-3	1.09831379E+0
1.78141950E-3	1.09770475E+0
1.78096412E-3	1.09797441E+0
1.78056078E-3	1.09744719E+0
1.77971965E-3	1.09745815E+0
1.77917085E-3	1.09743218E+0
1.77873079E-3	1.09732095E+0
1.77806060E-3	1.09732658E+0
1.77787931E-3	1.09731940E+0
1.77727926E-3	1.09707476E+0
1.77699340E-3	1.09710344E+0
1.77611622E-3	1.09701735E+0
1.77575651E-3	1.09701352E+0
1.77557184E-3	1.09694159E+0
1.77487465E-3	1.09692826E+0
1.77461620E-3	1.09691247E+0
1.77397733E-3	1.09693936E+0
1.77364560E-3	1.09643091E+0
1.77319979E-3	1.09678326E+0
1.77253077E-3	1.09679016E+0
1.77234895E-3	1.09680481E+0
1.77162069E-3	1.09647509E+0
1.77123581E-3	1.09565457E+0
1.77065581E-3	1.09557366E+0
1.76995777E-3	1.09553647E+0
1.76970715E-3	1.09552381E+0
1.76924175E-3	1.09526177E+0
1.76859226E-3	1.09527803E+0
1.76843647E-3	1.09526772E+0
1.76773644E-3	1.09529907E+0
1.76707464E-3	1.09530246E+0
1.76657853E-3	1.09530100E+0
1.76625183E-3	1.09529022E+0
1.76618688E-3	1.09536191E+0
1.76523751E-3	1.09523163E+0
1.76500982E-3	1.09518698E+0
1.76436155E-3	1.09521636E+0
1.76373052E-3	1.09519253E+0
1.76333519E-3	1.09526123E+0
1.76264432E-3	1.09526414E+0
1.76231930E-3	1.09515905E+0
1.76176668E-3	1.09498153E+0
1.76157760E-3	1.09496811E+0
1.76118107E-3	1.09493157E+0
1.76051424E-3	1.09495005E+0
1.75983789E-3	1.09500208E+0
1.75920910E-3	1.09498575E+0
1.75887177E-3	1.09499897E+0
1.75856596E-3	1.09498260E+0
1.75815086E-3	1.09499848E+0
1.75756515E-3	1.09491625E+0
1.75715740E-3	1.09478607E+0
1.75649448E-3	1.09480413E+0
1.75610922E-3	1.09481797E+0
1.75561972E-3	1.09471421E+0
1.75499205E-3	1.09476360E+0
1.75478011E-3	1.09466417E+0
1.75412110E-3	1.09465534E+0
1.75369706E-3	1.09463471E+0
1.75335246E-3	1.09470279E+0
1.75276338E-3	1.09465931E+0
1.75239624E-3	1.09465532E+0
1.75191737E-3	1.09467605E+0
1.75148204E-3	1.09474477E+0
1.75096010E-3	1.09470183E+0
1.75062444E-3	1.09471647E+0
1.75004967E-3	1.09469674E+0
1.74952941E-3	1.09467797E+0
1.74925764E-3	1.09475554E+0
1.74850689E-3	1.09471540E+0
1.74784229E-3	1.09466022E+0
1.74750374E-3	1.09470895E+0
1.74717144E-3	1.09473101E+0
1.74660866E-3	1.09466392E+0
1.74636755E-3	1.09452758E+0
1.74564085E-3	1.09452210E+0
1.74511882E-3	1.09448979E+0
1.74485253E-3	1.09455399E+0
1.74418257E-3	1.09454848E+0
1.74415963E-3	1.09451188E+0
1.74321977E-3	1.09452501E+0
1.74293439E-3	1.09447239E+0
1.74282866E-3	1.09446061E+0
1.74234019E-3	1.09443811E+0
1.74169238E-3	1.09442569E+0
1.74129693E-3	1.09444359E+0
1.74068219E-3	1.09446610E+0
1.74023745E-3	1.09450198E+0
1.73976361E-3	1.09448825E+0
1.73946656E-3	1.09445205E+0
1.73893789E-3	1.09449280E+0
1.73858750E-3	1.09446550E+0
1.73784850E-3	1.09446350E+0
1.73771264E-3	1.09445362E+0
1.73735460E-3	1.09444026E+0
1.73647967E-3	1.09442952E+0
1.73610206E-3	1.09444454E+0
1.73551354E-3	1.09446518E+0
1.73515024E-3	1.09444011E+0
1.73461599E-3	1.09442038E+0
1.73433709E-3	1.09443471E+0
1.73382332E-3	1.09440248E+0
1.73317943E-3	1.09442442E+0
1.73295227E-3	1.09445950E+0
1.73245438E-3	1.09445932E+0
1.73196927E-3	1.09444467E+0
1.73150759E-3	1.09445642E+0
1.73102257E-3	1.09448269E+0
1.73056598E-3	1.09447860E+0
1.73028291E-3	1.09449568E+0
1.72960756E-3	1.09451941E+0
1.72885288E-3	1.09451913E+0
1.72838744E-3	1.09448225E+0
1.72815157E-3	1.09446299E+0
1.72792164E-3	1.09447487E+0
1.72750800E-3	1.09450354E+0
1.72720423E-3	1.09445122E+0
1.72650831E-3	1.09440667E+0
1.72594116E-3	1.09439545E+0
1.72544942E-3	1.09441470E+0
1.72513498E-3	1.09443111E+0
1.72438591E-3	1.09445750E+0
1.72374201E-3	1.09446362E+0
1.72365372E-3	1.09445993E+0
1.72340366E-3	1.09442839E+0
1.72269786E-3	1.09438540E+0
1.72242654E-3	1.09438410E+0
1.72186040E-3	1.09441246E+0
1.72170207E-3	1.09440447E+0
1.72097034E-3	1.09441672E+0
1.72062186E-3	1.09436967E+0
1.72024928E-3	1.09439131E+0
1.71985433E-3	1.09441785E+0
1.71955118E-3	1.09440707E+0
1.71886421E-3	1.09442183E+0
1.71853568E-3	1.09440026E+0
1.71781514E-3	1.09442134E+0
1.71742690E-3	1.09440776E+0
1.71706026E-3	1.09442409E+0
1.71672629E-3	1.09442985E+0
1.71613668E-3	1.09444812E+0
1.71580438E-3	1.09442753E+0
1.71535964E-3	1.09443556E+0
1.71502636E-3	1.09443589E+0
1.71459057E-3	1.09440994E+0
1.71379023E-3	1.09444266E+0
